1592384265.000000
4.000000
0.000000
0.833996
1.181441
1.619646
2.097595
2.585893
3.105141
3.562933
3.667903
3.747332
3.817792
3.863912
3.907469
3.911312
3.908750
3.903626
3.893377
3.876723
3.845976
3.821635
3.812668
3.815230
3.839571
3.866474
3.898501
3.920280
3.952308
3.999421
4.014794
4.010951
4.008389
3.995578
3.987891
3.972518
3.978923
4.049384
4.145466
4.265890
4.365816
4.426027
4.460617
4.515134
4.510010
4.481826
4.449799
4.419052
4.404960
4.390868
4.397274
4.462609
4.590719
4.739327
4.839253
4.890497
4.913557
4.908432
4.881529
4.834128
4.758543
4.682959
4.639401
4.574065
4.517697
4.445955
4.372932
4.321689
4.269164
4.225606
4.183330
4.142334
4.106464
4.066750
4.033441
4.001414
3.978354
3.962981
3.943764
3.939209
3.918712
3.919993
3.930242
3.939209
3.955864
3.955864
3.946896
3.932804
3.908463
3.913587
3.963550
4.036573
4.114720
4.178775
4.226176
4.237706
4.232581
4.215927
4.191586
4.153153
4.105752
4.064757
4.017356
3.985329
3.950739
3.930242
3.919993
3.912306
3.913587
3.912306
3.912306
3.931523
4.027605
4.212083
4.445244
4.676553
4.841815
4.937897
5.001622
5.016995
5.004184
4.952940
4.910664
4.890166
4.918350
4.937567
4.936286
4.918350
4.901696
4.869668
4.876074
4.956783
5.068239
5.177133
5.225814
5.236063
5.221971
5.192506
5.152792
5.106672
5.088737
5.063115
4.999060
4.927318
4.892728
4.832517
4.808176
4.809457
4.809457
4.849171
4.923475
5.010590
5.079769
5.110515
5.114358
5.081050
5.023401
4.968313
4.897853
4.822268
4.776148
4.801770
4.886323
4.959345
5.031087
5.070801
5.088737
5.090018
5.075926
5.052866
5.002903
4.913226
4.838922
4.764618
4.687752
4.630103
4.635227
4.672379
4.704407
4.717218
4.726185
4.744121
4.692877
4.607043
4.699282
4.850452
4.982405
5.052866
5.122045
5.134856
5.136137
5.116921
5.120764
5.092580
5.070801
5.009308
4.935005
4.863263
4.801770
4.728748
4.673660
4.624979
4.583983
4.542988
4.500712
4.452030
4.430252
4.417771
4.385744
4.372932
4.354997
4.331937
4.312721
4.296066
4.265320
4.246104
4.232011
4.224325
4.214076
4.199984
4.187173
4.162832
4.144897
4.133367
4.117994
4.116713
4.109026
4.097496
4.091091
4.085966
4.096215
4.129524
4.206389
4.319126
4.435706
4.530508
4.612498
4.638120
4.652212
4.634277
4.626590
4.606092
4.577909
4.540757
4.503605
4.461329
4.428020
4.397274
4.375494
4.353716
4.324251
4.307596
4.298629
4.303753
4.316564
4.360122
4.394711
4.419052
4.424177
4.456204
4.483107
4.444674
4.408803
4.395992
4.526664
4.766230
5.033980
5.360330
5.519186
5.718524
5.810763
5.862008
5.885067
5.821012
5.749271
5.695465
5.591695
5.421309
5.177900
5.016482
4.885809
4.777430
4.728748
4.731310
4.664693
4.557080
4.478933
4.464841
4.430252
4.442112
4.475420
4.506167
4.481826
4.499762
4.476702
4.479264
4.469015
4.448517
4.435706
4.431863
4.429301
4.439549
4.452361
4.451079
4.488232
4.542037
4.599687
4.641963
4.666304
4.676553
4.668867
4.657337
4.652212
4.629152
4.609936
4.586876
4.565097
4.557411
4.543319
4.530508
4.529227
4.510010
4.502324
4.494637
4.489512
4.469015
4.462609
4.448517
4.443393
4.430582
4.425457
4.430582
4.444674
4.447236
4.466453
4.462609
4.474139
4.484388
4.495918
4.502324
4.495918
4.483107
4.472858
4.469015
4.460047
4.453642
4.440831
4.434425
4.416490
4.416490
4.406241
4.398554
4.388306
4.380619
4.367808
4.353716
4.333219
4.324251
4.342186
4.361403
4.388306
4.413928
4.435706
4.440831
4.434425
4.434425
4.429301
4.442112
4.477983
4.488232
4.510010
4.511291
4.495918
4.485669
4.481826
4.463891
4.454923
4.439549
4.424177
4.407522
4.397274
4.384462
4.354997
4.349873
4.342186
4.342186
4.342186
4.340905
4.331937
4.321689
4.312721
4.302472
4.289661
4.287099
4.299910
4.347311
4.424177
4.499762
4.554849
4.590719
4.603530
4.606092
4.571503
4.552287
4.588157
4.663742
4.772635
4.846940
4.914838
4.986579
5.082331
5.156635
5.221971
5.237344
5.286026
5.307805
5.297556
5.215566
5.110515
5.024682
4.941410
4.865825
4.795365
4.723623
4.736434
4.808176
4.826111
4.810738
4.747964
4.715937
4.714655
4.669817
4.662130
4.637790
4.632665
4.623697
4.617292
4.618573
4.622416
4.605762
4.598075
4.600637
4.590389
4.578859
4.569891
4.548112
4.532739
4.521210
4.505836
4.495587
4.514804
4.545550
4.573735
4.603200
4.619854
4.622416
4.628822
4.655725
4.692877
4.726185
4.773586
4.801770
4.815862
4.824830
4.815862
4.796646
4.778710
4.747964
4.714655
4.667255
4.650600
4.630103
4.627541
4.640352
4.650600
4.660850
4.664693
4.674942
4.706969
4.722342
4.751807
4.771024
4.790240
4.790240
4.777430
4.762056
4.747964
4.712093
4.672379
4.648038
4.618573
4.594232
4.573735
4.566048
4.558362
4.555799
4.572453
4.586545
4.585265
4.595513
4.595513
4.590389
4.586545
4.571172
4.553237
4.536582
4.531458
4.530177
4.513523
4.505836
4.500712
4.487901
4.487901
4.480214
4.439219
4.467734
4.461329
4.474139
4.494637
4.522821
4.580471
4.708580
4.782885
4.876405
4.926368
4.958395
5.027244
5.011871
4.987530
4.923475
4.867106
4.657006
4.589108
4.578859
4.490463
4.505836
4.426408
4.488232
4.554849
4.609936
4.645807
4.650931
4.645807
4.624028
4.612498
4.575346
4.577909
4.545881
4.521540
4.511291
4.502324
4.488232
4.488232
4.490794
4.488232
4.472858
4.480545
4.474139
4.480545
4.502324
4.518978
4.527946
4.531789
4.542037
4.547162
4.554849
4.562535
4.563817
4.557411
4.549724
4.539475
4.518978
4.502324
4.480545
4.466453
4.439549
4.422895
4.413928
4.408803
4.428020
4.469015
4.502324
4.522821
4.545881
4.548443
4.529227
4.529227
4.501042
4.488232
4.467734
4.447236
4.425457
4.410084
4.390868
4.370370
4.381900
4.425457
4.479264
4.544600
4.592000
4.620185
4.636839
4.644526
4.638120
4.607374
4.597125
4.585595
4.576627
4.558692
4.540757
4.524102
4.510010
4.501042
4.479264
4.458766
4.433144
4.422895
4.406241
4.395992
4.392149
4.392149
4.394711
4.393430
4.394711
4.379338
4.374214
4.361403
4.353716
4.340905
4.334499
4.314002
4.302472
4.305034
4.320407
4.356278
4.376776
4.413928
4.426739
4.433144
4.430582
4.445955
4.466453
4.458766
4.457485
4.449799
4.467734
4.499762
4.557411
4.617622
4.670147
4.706018
4.734202
4.781603
4.910995
5.018607
5.288588
5.446164
5.548138
5.626285
5.689059
5.706995
5.644220
5.462305
5.385438
5.313697
5.175338
5.049790
4.917837
4.853014
4.873512
4.833798
4.824830
4.836360
4.846609
4.853014
4.828673
4.809457
4.791522
4.779992
4.745402
4.730029
4.706969
4.680066
4.639071
4.601919
4.577578
4.554518
4.528896
4.532739
4.507117
4.489182
4.481495
4.473809
4.452030
4.448187
4.439219
4.451079
4.440831
4.495918
4.530508
4.529227
4.553567
4.612498
4.686802
4.805944
4.914838
5.012201
5.145105
5.207879
5.227096
5.237344
5.280901
5.312929
5.296275
5.269372
5.188663
5.182257
5.136137
5.097704
5.046460
5.000341
4.964470
4.940129
4.937567
4.945253
4.990092
5.065677
5.129732
5.170727
5.210441
5.221971
5.216846
5.187381
5.159197
5.129732
5.075926
5.047741
5.033649
5.020838
5.006746
4.995216
4.977281
4.960627
4.951659
4.919631
4.877355
4.854295
4.824830
4.797927
4.781273
4.799208
4.808176
4.812019
4.855577
4.856858
4.845328
4.863263
4.891447
4.909383
4.943973
5.014433
5.105391
5.198911
5.265528
5.329583
5.370579
5.375703
5.344956
5.321897
5.287307
5.246312
5.187381
5.131013
5.092580
5.070801
5.037493
5.002903
4.965751
4.936286
4.910664
4.886323
4.869668
4.855577
4.837641
4.819705
4.806895
4.797927
4.769743
4.762056
4.749245
4.732591
4.723623
4.726185
4.719780
4.710812
4.705688
4.701845
4.690315
4.664693
4.660850
4.645476
4.649320
4.644195
4.632665
4.621135
4.614730
4.600637
4.598075
4.586545
4.566048
4.555799
4.550675
4.542988
4.550675
4.549394
4.546832
4.542988
4.544269
4.530177
4.512242
4.514804
4.513523
4.494307
4.508399
4.509680
4.505836
4.501993
4.496869
4.491744
4.472528
4.477652
4.478933
4.487901
4.508399
4.534020
4.554518
4.568610
4.580140
4.591670
4.575016
4.581421
4.578859
4.576297
4.582702
4.613449
4.665974
4.672379
4.674942
4.682628
4.664693
4.665974
4.682628
4.721061
4.788960
4.892728
5.001622
5.163041
5.332146
5.485878
5.673686
5.781298
5.815888
5.873538
5.868413
5.833823
5.730054
5.665999
5.630128
5.555825
5.489207
5.426434
5.359817
5.335475
5.368784
5.469991
5.581447
5.691621
5.740303
5.794109
5.778736
5.765925
5.741584
5.699308
5.637815
5.589133
5.528922
5.473834
5.412342
5.386720
5.340600
5.311135
5.291918
5.261172
5.232987
5.190711
5.165089
5.143311
5.118969
5.098472
5.090786
5.080537
5.060039
5.038260
5.024168
4.998546
4.970362
4.953708
4.940897
4.945253
4.932443
4.945253
4.929880
4.911945
4.900415
4.892728
4.881198
4.870950
4.858139
4.865825
4.881198
4.894010
4.901696
4.920913
4.917069
4.913226
4.902977
4.901696
4.917069
4.940129
5.020838
5.064396
5.095142
5.142543
5.200192
5.245031
5.333426
5.460256
5.645502
5.763363
5.829980
5.896597
5.937593
6.040930
6.055022
6.051178
6.034524
5.967907
5.815456
5.761650
5.764212
5.956377
6.275371
6.526466
6.710359
6.537411
6.452858
6.565595
6.556627
6.675769
6.862810
6.958892
7.037699
6.944178
6.840409
6.904464
6.912151
6.876280
6.748170
6.661055
6.566254
6.453517
6.330532
6.151800
5.899423
5.742434
5.610480
5.511836
5.428564
5.352130
5.258609
5.200960
5.138186
5.079256
5.040823
4.999827
4.954989
4.939616
4.905540
4.885042
4.894010
4.969594
5.093861
5.213003
5.325740
5.397481
5.434634
5.467429
5.466148
5.439245
5.386720
5.332913
5.279107
5.183024
5.107440
5.044666
4.998546
4.949864
4.924242
4.900415
4.905540
4.959345
5.005465
5.034930
5.046460
5.049023
5.060553
5.063115
5.040055
5.004184
4.974719
4.961908
4.967032
4.973438
4.984968
4.993935
4.993935
5.000341
5.036211
5.086174
5.155354
5.246312
5.338551
5.420541
5.471786
5.563511
5.591695
5.601944
5.584009
5.553262
5.505862
5.461023
5.398249
5.338037
5.281669
5.226582
5.185587
5.138186
5.107440
5.070288
5.006233
5.035698
5.049790
4.970362
4.937054
4.872231
4.895290
4.951659
5.028525
5.051585
5.134856
5.195068
5.247593
5.186100
5.223252
5.195068
5.166884
5.154073
5.113078
5.075926
5.055428
5.042617
5.033649
5.005465
4.978562
4.974719
4.967032
4.979843
4.964470
4.979843
5.014433
5.074645
5.124608
5.196349
5.283464
5.320616
5.327021
5.324459
5.302680
5.291151
5.262966
5.230939
5.201473
5.175851
5.159197
5.146386
5.136137
5.165603
5.230939
5.291151
5.342394
5.376984
5.403887
5.406449
5.409011
5.414136
5.397481
5.382108
5.341113
5.311648
5.275777
5.271934
5.319335
5.461536
5.724930
5.997804
6.256155
6.363767
6.470098
6.573281
6.559189
6.469512
6.302969
6.305532
6.169735
6.036500
5.958354
5.882769
5.794959
5.664287
5.654037
5.598950
5.514398
5.511836
5.418315
5.416185
5.385438
5.366222
5.349567
5.334194
5.316259
5.304729
5.297042
5.300886
5.284232
5.272702
5.265015
5.258609
5.239393
5.232987
5.229144
5.212490
5.195836
5.177900
5.162527
5.134343
5.120251
5.103597
5.088223
5.079256
5.077974
5.066444
5.056196
5.043385
5.047228
5.057477
5.062601
5.070288
5.063882
5.070288
5.066444
5.060039
5.057477
5.060039
5.072850
5.088223
5.103597
5.127937
5.133062
5.127937
5.111283
5.118969
5.131781
5.147154
5.153559
5.158684
5.144592
5.127937
5.117689
5.099753
5.088223
5.072850
5.066444
5.042104
5.051071
5.049790
5.047228
5.004952
4.980611
4.953708
4.946021
4.939616
4.941410
4.940129
4.955502
4.977281
5.009308
5.036211
5.073363
5.114358
5.131013
5.137418
5.143824
5.161759
5.146386
5.129732
5.106672
5.075926
5.042617
5.015714
4.970875
4.950378
4.931161
4.926037
4.913226
4.891447
4.879918
4.870950
4.854295
4.827392
4.826111
4.840203
4.822268
4.818425
4.824830
4.814581
4.800489
4.788960
4.792803
4.773586
4.771024
4.755651
4.750526
4.751807
4.756932
4.736434
4.719780
4.705688
4.698001
4.673660
4.662130
4.654444
4.651882
4.654444
4.654444
4.657006
4.658287
4.649320
4.644195
4.637790
4.628822
4.616011
4.594232
4.573735
4.569891
4.576297
4.585265
4.578859
4.572453
4.575016
4.580140
4.587827
4.598075
4.622416
4.641633
4.667255
4.672379
4.664693
4.677504
4.674942
4.663412
4.658287
4.655725
4.658287
4.635227
4.637790
4.657006
4.665974
4.658287
4.650600
4.671098
4.686471
4.744121
4.820987
4.915788
4.991373
5.045179
5.075926
5.100266
5.092580
5.082331
5.061833
5.031087
4.997778
4.952940
4.914507
4.879918
4.836360
4.797927
4.778710
4.750526
4.728748
4.712093
4.704407
4.689034
4.674942
4.657006
4.639071
4.633946
4.624979
4.599357
4.575016
4.564767
4.554518
4.550675
4.531458
4.526334
4.521210
4.514804
4.507117
4.499431
4.489182
4.473809
4.462279
4.370040
4.283256
4.237136
4.270444
4.316564
4.317845
4.321689
4.339624
4.346029
4.346029
4.342186
4.356278
4.342186
4.319126
4.326813
4.322969
4.322969
4.306315
4.307596
4.302472
4.301191
4.294785
4.281974
4.271726
4.273007
4.275569
4.281974
4.287099
4.269164
4.278131
4.266601
4.262758
4.270444
4.253790
4.242260
4.226887
4.215357
4.214076
4.207671
4.185892
4.183330
4.165394
4.158989
4.150021
4.146178
4.144897
4.144897
4.142334
4.155146
4.167956
4.178205
4.174362
4.184611
4.178205
4.173081
4.176924
4.169238
4.153864
4.176924
4.216639
4.201265
4.180768
4.152583
4.165394
4.158989
4.148740
4.151302
4.144897
4.147459
4.143616
4.158989
4.146178
4.148740
4.147459
4.139772
4.139772
4.128242
4.110307
4.098777
4.082123
4.071874
4.066750
4.044971
4.048814
4.059063
4.055220
4.064188
4.080842
4.094934
4.097496
4.102621
4.105183
4.102621
4.091091
4.061625
4.034722
4.018068
4.009100
3.984759
3.971948
3.943764
3.936647
3.918712
3.914868
3.935366
3.927680
3.939209
3.944334
3.934085
3.927680
3.914868
3.902057
3.899495
3.896933
3.890527
3.885403
3.870030
3.867468
3.866187
3.853376
3.862343
3.846970
3.843127
3.835440
3.835440
3.838002
3.831597
3.817505
3.814943
3.816224
3.799569
3.790602
3.767542
3.759855
3.756012
3.750888
3.748326
3.741920
3.739358
3.745763
3.743201
3.738077
3.735514
3.734233
3.713736
3.709893
3.703487
3.695800
3.691957
3.695800
3.690676
3.686833
3.677865
3.675303
3.671459
3.665054
3.656086
3.648400
3.630464
3.622778
3.613810
3.613810
3.621497
3.618934
3.620215
3.620215
3.609967
3.604842
3.604842
3.593313
3.584345
3.571534
3.570253
3.561285
3.554879
3.554879
3.549755
3.545912
3.542068
3.536944
3.530539
3.513884
3.506198
3.508760
3.498511
3.490824
3.497230
3.489543
3.483138
3.476732
3.474170
3.471608
3.458797
3.451110
3.453673
3.454954
3.462640
3.454954
3.471608
3.481857
3.498511
3.521571
3.535663
3.536944
3.539506
3.540787
3.519009
3.522852
3.519009
3.531820
3.557442
3.594594
3.645838
3.689395
3.721422
3.741920
3.756012
3.752169
3.729109
3.713736
3.690676
3.682989
3.656086
3.648400
3.622778
3.606123
3.580501
3.570253
3.560004
3.543350
3.522852
3.508760
3.504916
3.498511
3.498511
3.506198
3.513884
3.521571
3.543350
3.561285
3.544631
3.551036
3.525414
3.560004
3.517728
3.502354
3.497230
3.490824
3.481857
3.472889
3.448548
3.442143
3.451398
3.443711
3.443711
3.438587
3.433462
3.432181
3.423213
3.420651
3.401435
3.391186
3.387343
3.388624
3.380937
3.368126
3.361721
3.356596
3.354034
3.347629
3.337380
3.325850
3.323288
3.314320
3.307914
3.309196
3.328412
3.352753
3.373251
3.409122
3.429619
3.450117
3.471895
3.488549
3.482144
3.487268
3.478301
3.466771
3.544918
3.471895
3.433462
3.415527
3.393748
3.380937
3.368126
3.363002
3.359159
3.350191
3.342504
3.336099
3.319444
3.309196
3.298947
3.296385
3.306633
3.297666
3.295104
3.287417
3.275887
3.254108
3.250265
3.243860
3.240016
3.245141
3.237454
3.234892
3.229768
3.224643
3.218238
3.201583
3.191334
3.193897
3.186210
3.191334
3.190053
3.183648
3.178524
3.174680
3.170837
3.150339
3.146496
3.141371
3.138809
3.133685
3.137528
3.136247
3.124717
3.122155
3.120874
3.113187
3.091409
3.091409
3.086284
3.082441
3.085003
3.085003
3.079879
3.086284
3.085003
3.077317
3.068349
3.069630
3.064506
3.077317
3.070911
3.074754
3.076035
3.081160
3.070911
3.078598
3.087565
3.086284
3.097814
3.101657
3.090128
3.076035
3.068349
3.064506
3.041446
3.036321
3.027354
3.019667
3.017105
3.011981
3.009418
3.005575
3.006856
2.988921
2.987640
2.990202
2.981234
2.977391
2.978672
2.977391
2.973547
2.976110
2.968423
2.955612
2.953050
2.959455
2.947926
2.974908
2.967222
2.965941
2.955692
2.960816
2.948005
2.953130
2.950567
2.958254
2.959535
2.968503
2.965941
2.968503
2.971065
2.964660
2.948005
2.940319
2.931351
2.921102
2.918540
2.930070
2.935194
2.939038
2.941600
2.941600
2.941600
2.926227
2.918540
2.926227
2.904448
2.917259
2.918540
2.939038
2.971065
3.006936
3.028715
3.059461
3.074834
3.082521
3.090207
3.088926
3.081240
3.073553
3.072272
3.067148
3.068429
3.085083
3.099175
3.115829
3.147857
3.176041
3.214474
3.268280
3.323368
3.357957
3.386142
3.404077
3.398952
3.402796
3.396390
3.377174
3.352833
3.332335
3.297745
3.279810
3.256750
3.237534
3.222161
3.206788
3.187571
3.173479
3.152981
3.138889
3.136327
3.119673
3.118392
3.106862
3.100456
3.095332
3.083802
3.064585
3.065866
3.051775
3.050493
3.045369
3.041526
3.035120
3.027434
3.005655
3.005655
2.999249
2.999249
2.996687
2.994125
2.986438
2.980033
2.963379
2.958254
2.964660
2.949286
2.953130
2.950567
2.951849
2.959535
2.958254
2.965941
2.983876
2.982595
2.990282
2.987720
2.982595
2.977471
2.971065
2.955692
2.953130
2.936476
2.936476
2.933913
2.933913
2.940319
2.946724
2.948005
2.941600
2.937757
2.936476
2.949286
2.942881
2.933913
2.931351
2.928789
2.918540
2.918540
2.915978
2.930070
2.926227
2.919821
2.915978
2.910853
2.909572
2.894199
2.895480
2.889075
2.883950
2.874983
2.877545
2.868577
2.863453
2.851923
2.849361
2.864734
2.858328
2.854485
2.857047
2.849361
2.859609
2.864734
2.868577
2.877545
2.896761
2.890356
2.891637
2.892918
2.886513
2.869858
2.868577
2.869858
2.868577
2.867296
2.863453
2.866015
2.858328
2.853204
2.837831
2.830144
2.826301
2.819896
2.827582
2.821177
2.825020
2.822458
2.818614
2.807084
2.810928
2.801960
2.795554
2.804522
2.813490
2.830144
2.851923
2.880107
2.886513
2.898042
2.913416
2.913416
2.913416
2.926227
2.918540
2.903167
2.883950
2.871139
2.860891
2.860891
2.859609
2.848080
2.845517
2.836550
2.831425
2.827582
2.826301
2.831425
2.831425
2.822458
2.822458
2.813490
2.813490
2.804522
2.808366
2.809647
2.803241
2.799398
2.799398
2.799398
2.796836
2.778900
2.769933
2.760965
2.759684
2.767370
2.764808
2.780181
2.816052
2.850642
2.899323
2.949286
2.983876
2.999249
3.008217
3.012060
3.009498
2.997968
2.978752
2.959535
2.944162
2.942881
2.940319
2.935194
2.927508
2.909572
2.910853
2.895480
2.894199
2.889075
2.877545
2.866015
2.859609
2.839112
2.826301
2.813490
2.816052
2.819896
2.817333
2.821177
2.813490
2.813490
2.805803
2.807084
2.808366
2.801960
2.790430
2.782743
2.791711
2.782743
2.780181
2.782743
2.790430
2.798117
2.810928
2.814771
2.826301
2.840393
2.849361
2.836550
2.833987
2.836550
2.855766
2.873702
2.890356
2.927508
2.969784
3.008217
3.064585
3.097894
3.159387
3.210631
3.240096
3.259313
3.282372
3.266999
3.260594
3.233691
3.217036
3.196539
3.185009
3.164511
3.145295
3.145295
3.124797
3.113267
3.113267
3.087645
3.091489
3.086364
3.079959
3.069710
3.058180
3.045369
3.040245
3.036401
3.029996
3.021028
3.010779
3.008217
2.992844
2.973627
2.962097
2.954411
2.971065
2.964660
2.962097
2.955692
2.940319
2.926227
2.923665
2.923665
2.909572
2.910853
2.905729
2.903167
2.896761
2.895480
2.882669
2.885231
2.877545
2.887794
2.889075
2.885231
2.885231
2.889075
2.883950
2.868577
2.863453
2.866015
2.864734
2.881388
2.883950
2.889075
2.889075
2.887794
2.871139
2.866015
2.869858
2.867296
2.858328
2.860891
2.869858
2.871139
2.894199
2.889075
2.883950
2.890356
2.896761
2.909572
2.927508
2.949286
2.956973
2.941600
2.942881
2.944162
2.964660
2.986438
3.008217
3.038963
3.073553
3.095332
3.108143
3.123516
3.127359
3.124797
3.133765
3.114548
3.119673
3.108143
3.058180
3.040245
3.022309
3.038963
3.038963
3.035120
3.010779
2.997968
3.008217
3.008217
3.000530
2.995406
2.981314
2.986438
2.976190
2.971065
2.965941
2.983876
3.008217
3.019747
3.014622
3.021028
3.023590
3.037682
3.044088
3.050493
3.045369
3.033839
3.038963
3.028715
3.013341
3.017185
3.033839
3.067148
3.101737
3.119673
3.140170
3.177322
3.186290
3.188852
3.186290
3.179884
3.177322
3.167073
3.159387
3.136327
3.124797
3.113267
3.108143
3.106862
3.104300
3.099175
3.078677
3.069710
3.068429
3.051775
3.051775
3.045369
3.037682
3.024871
3.022309
3.014622
3.003093
2.990282
2.991563
2.986438
2.985157
2.977471
2.971065
2.969784
2.963379
2.951849
2.968503
2.972346
3.001812
3.005655
3.019747
3.035120
3.028715
3.033839
3.059461
3.094051
3.119673
3.144014
3.158106
3.163230
3.182446
3.191414
3.220880
3.259313
3.311838
3.360519
3.370768
3.406639
3.447634
3.505204
3.582070
3.738364
3.957432
4.172369
4.332507
4.445244
4.556130
4.586876
4.611217
4.581752
4.522821
4.440831
4.343467
4.290942
4.144897
4.073155
4.087247
4.070593
4.006538
3.979635
3.992446
3.974510
3.933515
3.914868
3.889246
3.858500
3.835440
3.812381
3.808537
3.797007
3.788039
3.780353
3.767542
3.740639
3.729109
3.711174
3.686833
3.686833
3.684270
3.684270
3.690676
3.688114
3.670178
3.667616
3.658648
3.663773
3.654805
3.649681
3.631745
3.622778
3.608686
3.585626
3.581783
3.567690
3.562566
3.549755
3.552317
3.549755
3.543350
3.533101
3.527976
3.521571
3.495949
3.488262
3.479295
3.467765
3.461359
3.462640
3.458797
3.452391
3.449829
3.454954
3.451110
3.443424
3.455241
3.446273
3.444992
3.444992
3.446273
3.442430
3.451398
3.459084
3.474458
3.484706
3.496236
3.511609
3.529545
3.520577
3.538512
3.557729
3.605130
3.633314
3.685839
3.739645
3.790889
3.819073
3.890815
3.972805
4.098066
4.274858
4.477271
4.699613
4.823880
4.896902
4.917400
4.905870
4.909713
4.866156
4.807225
4.729078
4.658617
4.607374
4.552287
4.506167
4.470296
4.445955
4.420333
4.375494
4.361403
4.326813
4.298629
4.294785
4.262758
4.234574
4.205109
4.175643
4.151302
4.116713
4.102621
4.111588
4.120556
4.132086
4.162832
4.176924
4.198703
4.207671
4.203827
4.202546
4.180768
4.157708
4.144897
4.123118
4.119275
4.130805
4.151302
4.176924
4.198703
4.207671
4.202546
4.180768
4.164113
4.153864
4.132086
4.106464
4.094934
4.073155
4.051376
4.037284
4.025754
4.014225
3.997570
3.969386
3.959137
3.950170
3.942483
3.960988
3.957145
3.957145
3.955864
3.959707
3.950739
3.927680
3.916150
3.930242
3.985329
4.082693
4.180056
4.260766
4.322258
4.370940
4.405529
4.405529
4.404249
4.388875
4.363253
4.340193
4.296636
4.263328
4.227457
4.195429
4.169807
4.137780
4.127531
4.131374
4.145466
4.171088
4.189024
4.196711
4.195429
4.190305
4.183899
4.177494
4.167245
4.164683
4.158278
4.171088
4.154434
4.139061
4.130093
4.117282
4.092941
4.068600
4.060914
4.057070
4.031448
4.016075
4.000702
3.993016
3.967393
3.950739
3.954582
3.953301
3.943053
3.953301
3.958426
3.967393
3.967393
3.949458
3.940490
3.945615
3.937928
3.958426
3.971237
3.981486
3.996859
4.001983
3.999421
3.993016
3.980205
3.960988
3.972518
3.985329
4.026324
4.073725
4.131374
4.185181
4.233862
4.310728
4.451649
4.716267
4.966082
5.241188
5.458974
5.653188
5.718524
5.735178
5.788985
5.822293
5.806920
5.776174
5.680091
5.591695
5.517392
5.459742
5.404655
5.388000
5.345724
5.295762
5.256047
5.206084
5.171495
5.134343
5.098472
5.048509
4.987016
4.931929
4.908102
4.887604
4.867106
4.822268
4.796646
4.781273
4.736434
4.728748
4.712093
4.700563
4.700563
4.762056
4.846609
4.927318
4.988811
5.077207
5.075926
5.082331
5.100266
5.133575
5.189943
5.210441
5.220690
5.214284
5.192506
5.157916
5.101548
5.055428
5.006746
4.976000
4.922194
4.885042
4.859420
4.831235
4.815862
4.785116
4.783835
4.769743
4.787678
4.778710
4.778710
4.754370
4.735153
4.714655
4.674942
4.672379
4.649320
4.640352
4.648038
4.644195
4.640352
4.635227
4.637790
4.664693
4.751807
4.863263
5.028525
5.179695
5.278339
5.371860
5.407731
5.434634
5.463585
5.475115
5.476397
5.461023
5.430277
5.434120
5.591695
5.836385
6.082356
6.463693
6.648866
6.828220
6.949924
7.050509
7.067164
6.960833
6.801976
6.722548
6.585470
6.449674
6.368965
6.265818
6.186389
6.114648
6.059560
6.017284
6.001911
5.976289
5.925045
5.888479
5.850046
5.825705
5.779585
5.748839
5.718092
5.757807
5.915382
6.143418
6.394513
6.562337
6.780819
6.816690
6.819252
6.778257
6.721889
6.624526
6.504102
6.359338
6.228665
6.117210
6.028814
5.975008
5.914796
5.892322
5.846202
5.815456
5.768055
5.737309
5.714249
5.692471
5.677097
5.636102
5.601512
5.573328
5.547707
5.497744
5.479808
5.456748
5.432407
5.440526
5.426434
5.417466
5.396968
5.384157
5.353411
5.349567
5.354692
5.372627
5.384157
5.414904
5.409779
5.402092
5.388000
5.376471
5.353411
5.336757
5.332913
5.300886
5.281669
5.273983
5.262453
5.247080
5.230425
5.224020
5.203522
5.176619
5.166370
5.153559
5.136905
5.139467
5.130499
5.111283
5.106159
5.138186
5.159965
5.199679
5.232987
5.275264
5.285512
5.295762
5.298324
5.288075
5.285512
5.276545
5.247080
5.230425
5.227863
5.199679
5.194554
5.189430
5.183024
5.204803
5.229144
5.272702
5.308572
5.336757
5.371346
5.357254
5.371346
5.399530
5.391844
5.380314
5.382876
5.416185
5.469991
5.549419
5.605788
5.660875
5.727492
5.760800
5.814607
5.851758
5.954247
6.060146
6.113953
6.119077
6.080644
6.037086
5.978156
5.932036
5.869262
5.805207
5.760369
5.732185
5.687346
5.652757
5.623291
5.586139
5.575891
5.533614
5.528490
5.511836
5.501587
5.488776
5.473403
5.443937
5.405504
5.402092
5.381595
5.364941
5.355973
5.344443
5.330351
5.335475
5.317540
5.311135
5.313697
5.332913
5.402092
5.475115
5.599382
5.703151
5.788985
5.868413
5.901721
5.911970
5.906846
5.900440
5.856883
5.818450
5.800515
5.773612
5.754395
5.745428
5.727492
5.719805
5.776174
5.869694
5.972182
6.110109
6.185694
6.235657
6.247187
6.243343
6.222846
6.176726
6.122920
6.071676
5.996091
5.935880
5.892322
5.847484
5.807770
5.768055
5.732185
5.687346
5.665567
5.632259
5.615605
5.597669
5.595107
5.568204
5.586139
5.581015
5.531052
5.509274
5.519522
5.506711
5.509274
5.538739
5.557955
5.565642
5.584858
5.614324
5.682222
5.820580
5.976875
6.161353
6.299712
6.421416
6.449601
6.475918
6.479761
6.431079
6.332435
6.250444
6.096712
6.033938
5.964759
5.913515
5.871825
5.835954
5.805207
5.796240
5.771899
5.765493
5.755245
5.737309
5.716812
5.695033
5.675817
5.656600
5.633540
5.609199
5.596388
5.569485
5.547707
5.528490
5.509274
5.490057
5.472122
5.458029
5.441375
5.427715
5.405936
5.398249
5.379033
5.364941
5.344443
5.323946
5.309854
5.308572
5.302167
5.326508
5.381595
5.453337
5.519954
5.558387
5.595539
5.618598
5.637815
5.633972
5.617317
5.590415
5.546857
5.505862
5.464867
5.414904
5.379033
5.350849
5.323946
5.299605
5.300886
5.277826
5.257329
5.249642
5.252204
5.239393
5.220177
5.220177
5.226582
5.212490
5.200960
5.198398
5.209928
5.197117
5.208647
5.252204
5.299605
5.353411
5.417466
5.491770
5.568635
5.654469
5.705713
5.755676
5.773612
5.751833
5.751833
5.696745
5.673686
5.636534
5.585290
5.527640
5.499456
5.449493
5.425152
5.396968
5.363660
5.338037
5.309854
5.293199
5.273983
5.241955
5.232987
5.207366
5.188149
5.168932
5.150997
5.148435
5.131781
5.112564
5.101034
5.095910
5.086942
5.061320
5.048509
5.034417
5.022887
5.024168
4.995984
4.997265
5.001109
5.024168
5.043385
5.063882
5.075412
5.072850
5.053634
5.048509
5.035698
5.020325
5.002389
4.984454
4.988297
4.970362
4.957551
4.939616
4.940129
4.924756
4.897853
4.885042
4.876074
4.868388
4.858139
4.861982
4.861982
4.855577
4.855577
4.847890
4.842765
4.819705
4.810738
4.804333
4.788960
4.800489
4.791522
4.790240
4.801770
4.805614
4.808176
4.817143
4.805614
4.805614
4.804333
4.827392
4.874793
4.897853
4.928599
4.970875
5.000341
5.023401
5.023401
5.046460
5.075926
5.107953
5.138700
5.175851
5.215566
5.257842
5.296275
5.312929
5.324459
5.312929
5.297556
5.275777
5.256561
5.213003
5.183538
5.173289
5.138700
5.109234
5.081050
5.038774
4.929880
4.818425
4.751807
4.714655
4.672379
4.676222
4.690315
4.708250
4.735153
4.760775
4.756932
4.730029
4.750526
4.788960
4.808176
4.819705
4.803051
4.822268
4.835079
4.850452
4.845328
4.870950
4.874793
4.844047
4.822268
4.812019
4.800489
4.786397
4.777430
4.767180
4.753088
4.731310
4.728748
4.719780
4.699282
4.685190
4.692877
4.671098
4.663412
4.655725
4.651882
4.653163
4.641633
4.646757
4.651882
4.664693
4.663412
4.673660
4.671098
4.658287
4.657006
4.645476
4.619854
4.610887
4.595513
4.582702
4.580140
4.581421
4.576297
4.569891
4.563486
4.551956
4.532739
4.525053
4.523772
4.505836
4.501993
4.494307
4.486620
4.478933
4.467403
4.440500
4.452361
4.435706
4.429301
4.430582
4.428020
4.428020
4.433144
4.439549
4.444674
4.445955
4.433144
4.430582
4.422895
4.424177
4.419052
4.407522
4.402398
4.379338
4.371651
4.369089
4.366527
4.370370
4.398554
4.397274
4.398554
4.392149
4.392149
4.380619
4.367808
4.366527
4.352435
4.346029
4.335781
4.347311
4.331937
4.326813
4.319126
4.317845
4.296066
4.288380
4.290942
4.284537
4.293504
4.281974
4.285818
4.289661
4.289661
4.290942
4.278131
4.261477
4.253790
4.248666
4.246104
4.240979
4.233293
4.223044
4.219201
4.210233
4.196141
4.187173
4.178205
4.182049
4.173081
4.170519
4.160270
4.153864
4.138491
4.125680
4.132086
4.119275
4.116713
4.114151
4.114151
4.105183
4.102621
4.096215
4.074436
4.073155
4.078279
4.061625
4.078279
4.066750
4.059063
4.056501
4.052658
4.036003
4.028316
4.018068
4.027036
4.018068
4.014225
4.014225
4.012943
4.015506
4.010381
3.992446
3.998851
3.995008
3.989884
3.987321
3.982197
3.974510
3.969386
3.966824
3.960418
3.945045
3.966112
3.952020
3.950739
3.946896
3.949458
3.950739
3.948177
3.953301
3.958426
3.971237
3.996859
3.991735
4.010951
4.017356
4.022481
4.023762
4.026324
4.050665
4.085255
4.128812
4.159558
4.178775
4.206959
4.271014
4.304323
4.322258
4.329945
4.323539
4.301761
4.294074
4.279982
4.254360
4.236424
4.208240
4.187743
4.181337
4.168526
4.167245
4.164683
4.168526
4.163402
4.165964
4.178775
4.185181
4.195429
4.197991
4.199273
4.192867
4.187743
4.178775
4.153153
4.139061
4.124969
4.113439
4.094223
4.094223
4.086536
4.077568
4.059633
4.051946
4.027605
4.019918
4.008389
4.001983
4.008389
3.999421
3.987891
3.986610
3.977642
3.949458
3.941772
3.935366
3.927680
3.932804
3.923836
3.917431
3.912306
3.908463
3.893090
3.886684
3.876436
3.877717
3.889246
3.882841
3.885403
3.884122
3.889246
3.871311
3.866187
3.857219
3.848251
3.858500
3.850813
3.845689
3.844408
3.839283
3.829035
3.812381
3.813662
3.795726
3.790602
3.782915
3.781634
3.771385
3.794445
3.782915
3.773947
3.764980
3.759855
3.749607
3.766261
3.764980
3.754731
3.768823
3.786758
3.776510
3.784196
3.798288
3.835440
3.876436
3.905901
3.937928
3.955864
3.962269
3.946896
3.934085
3.930242
3.932804
3.912306
3.900776
3.878998
3.864906
3.845689
3.836721
3.807256
3.797007
3.777791
3.766261
3.767542
3.766261
3.757293
3.749607
3.743201
3.723984
3.716298
3.709893
3.712455
3.704768
3.709893
3.709893
3.707330
3.702206
3.694519
3.685552
3.675303
3.662492
3.667616
3.650962
3.656086
3.658648
3.653524
3.650962
3.635589
3.631745
3.631745
3.652243
3.693238
3.740639
3.784196
3.811099
3.834159
3.846970
3.845689
3.841846
3.843127
3.822629
3.804694
3.789321
3.775229
3.761137
3.757293
3.749607
3.754731
3.748326
3.763699
3.756012
3.750888
3.752169
3.761137
3.773947
3.807256
3.858500
3.905901
3.928961
3.940490
3.957145
3.957145
3.943053
3.943053
3.919993
3.919993
3.899495
3.870030
3.852095
3.836721
3.822629
3.808537
3.780353
3.768823
3.758574
3.749607
3.758574
3.743201
3.739358
3.727828
3.722703
3.713736
3.690676
3.693238
3.679146
3.672741
3.666335
3.667616
3.663773
3.662492
3.653524
3.663773
3.652243
3.641994
3.622778
3.629183
3.620215
3.613810
3.617653
3.612529
3.608686
3.608686
3.602280
3.585626
3.576658
3.574096
3.579220
3.589469
3.604842
3.608686
3.615091
3.616372
3.617653
3.599718
3.595875
3.590750
3.589469
3.575377
3.576658
3.574096
3.574096
3.556160
3.554879
3.545912
3.527976
3.522852
3.522852
3.516446
3.512603
3.540787
3.527976
3.526695
3.520290
3.525414
3.531820
3.517728
3.513884
3.522852
3.542068
3.551036
3.574096
3.606123
3.621497
3.635589
3.652243
3.671459
3.697082
3.811099
3.941772
4.076287
4.226176
4.333788
4.434995
4.543319
4.594563
4.611217
4.577909
4.544600
4.504886
4.476702
4.421614
4.392149
4.353716
4.315283
4.270444
4.230731
4.208952
4.188454
4.147459
4.134648
4.106464
4.096215
4.087247
4.089809
4.088528
4.083404
4.074436
4.066750
4.059063
4.032160
4.010381
3.991165
3.962981
3.952732
3.956575
3.961699
3.948889
3.936078
3.959707
3.968675
3.945615
3.921274
3.905901
3.896933
3.882841
3.878998
3.878998
3.871311
3.867468
3.866187
3.858500
3.849532
3.831597
3.835440
3.818786
3.813662
3.809818
3.807256
3.799569
3.785477
3.785477
3.782915
3.763699
3.754731
3.749607
3.744482
3.734233
3.732952
3.735514
3.743201
3.743201
3.758574
3.762418
3.745763
3.740639
3.740639
3.757293
3.785477
3.854657
3.931523
3.999421
4.076287
4.145466
4.180056
4.204397
4.233862
4.245392
4.233862
4.213365
4.191586
4.155715
4.112158
4.089098
4.044260
4.025043
4.004545
3.976361
3.962269
3.944334
3.931523
3.907182
3.902057
3.886684
3.882841
3.889246
3.881560
3.889246
3.889246
3.885403
3.875154
3.870030
3.853376
3.834159
3.811099
3.798288
3.790602
3.798288
3.790602
3.788039
3.794445
3.779072
3.759855
3.748326
3.740639
3.735514
3.723984
3.725266
3.726547
3.731671
3.732952
3.744482
3.756012
3.761137
3.741920
3.741920
3.731671
3.734233
3.734233
3.729109
3.720141
3.711174
3.699644
3.693238
3.672741
3.670178
3.667616
3.656086
3.663773
3.665054
3.659930
3.657367
3.654805
3.650962
3.630464
3.627902
3.625340
3.625340
3.620215
3.617653
3.624059
3.627902
3.631745
3.633027
3.626621
3.609967
3.622778
3.622778
3.635589
3.663773
3.707330
3.732952
3.753450
3.761137
3.766261
3.771385
3.750888
3.739358
3.726547
3.722703
3.712455
3.695800
3.685552
3.672741
3.667616
3.659930
3.647119
3.633027
3.622778
3.616372
3.616372
3.612529
3.615091
3.611248
3.609967
3.606123
3.598437
3.577939
3.574096
3.566409
3.567690
3.568972
3.576658
3.575377
3.583064
3.585626
3.584345
3.568972
3.576658
3.583064
3.611248
3.634308
3.654805
3.709893
3.788039
3.889246
3.977642
4.035292
4.086536
4.121126
4.145466
4.145466
4.140342
4.117282
4.081411
4.073725
4.041698
4.001983
4.004545
3.999421
3.939209
3.930242
3.902057
3.885403
3.864906
3.852095
3.839283
3.821348
3.811099
3.808537
3.799569
3.797007
3.785477
3.773947
3.764980
3.757293
3.747044
3.723984
3.713736
3.707330
3.702206
3.718860
3.707330
3.699644
3.690676
3.676584
3.665054
3.653524
3.661211
3.658648
3.666335
3.670178
3.671459
3.674022
3.672741
3.665054
3.643275
3.636870
3.626621
3.611248
3.627902
3.616372
3.615091
3.613810
3.612529
3.593313
3.595875
3.577939
3.574096
3.572815
3.568972
3.562566
3.561285
3.561285
3.558723
3.543350
3.540787
3.543350
3.533101
3.538225
3.534382
3.536944
3.543350
3.542068
3.520290
3.516446
3.520290
3.530539
3.561285
3.570253
3.588188
3.603561
3.620215
3.645838
3.661211
3.672741
3.694519
3.700925
3.697082
3.690676
3.690676
3.681708
3.662492
3.640713
3.617653
3.616372
3.599718
3.586907
3.572815
3.568972
3.563847
3.563847
3.562566
3.553598
3.543350
3.526695
3.522852
3.529258
3.527976
3.520290
3.543350
3.549755
3.554879
3.568972
3.572815
3.571534
3.567690
3.563847
3.561285
3.552317
3.549755
3.542068
3.539506
3.530539
3.522852
3.499792
3.495949
3.499792
3.498511
3.480576
3.481857
3.479295
3.476732
3.470327
3.467765
3.457516
3.444705
3.453960
3.450117
3.439868
3.447554
3.450117
3.448835
3.446273
3.444992
3.444992
3.428338
3.429619
3.430900
3.424495
3.424495
3.432181
3.439868
3.442430
3.452679
3.452679
3.437306
3.437306
3.429619
3.425776
3.420651
3.424495
3.418089
3.412965
3.411684
3.410403
3.409122
3.392467
3.386062
3.375813
3.386062
3.419370
3.432181
3.468052
3.505204
3.507766
3.523139
3.528264
3.534669
3.528264
3.524420
3.521858
3.516734
3.507766
3.500079
3.485987
3.474458
3.443711
3.456522
3.438587
3.425776
3.424495
3.424495
3.418089
3.407840
3.396310
3.396310
3.380937
3.377094
3.366845
3.360440
3.365564
3.365564
3.355315
3.357877
3.352753
3.337380
3.332255
3.324569
3.319444
3.314320
3.325850
3.318163
3.315601
3.309196
3.315601
3.315601
3.310477
3.322007
3.327131
3.330974
3.328412
3.325850
3.327131
3.328412
3.327131
3.328412
3.338661
3.343785
3.348910
3.364283
3.369407
3.368126
3.363002
3.359159
3.352753
3.342504
3.327131
3.323288
3.320725
3.323288
3.310477
3.305352
3.297666
3.292541
3.289979
3.287417
3.279730
3.284855
3.273325
3.263076
3.272044
3.270763
3.266919
3.264357
3.263076
3.255389
3.241297
3.240016
3.242579
3.246422
3.237454
3.238735
3.237454
3.241297
3.236173
3.229768
3.237454
3.229768
3.210551
3.219519
3.207989
3.211832
3.207989
3.209270
3.224643
3.233611
3.238735
3.257952
3.275887
3.283574
3.286136
3.304071
3.320725
3.356596
3.415527
3.466771
3.533388
3.560291
3.611535
3.644844
3.643563
3.635876
3.617941
3.588475
3.570540
3.535950
3.507766
3.502642
3.482144
3.462928
3.439868
3.415527
3.384780
3.374532
3.368126
3.357877
3.360440
3.359159
3.357877
3.347629
3.337380
3.333537
3.329693
3.323288
3.307914
3.301509
3.295104
3.291260
3.288698
3.284855
3.284855
3.281011
3.279730
3.270763
3.264357
3.268200
3.255389
3.250265
3.251546
3.247703
3.242579
3.238735
3.233611
3.234892
3.215675
3.211832
3.206708
3.206708
3.214394
3.223362
3.215675
3.214394
3.202864
3.196459
3.193897
3.175961
3.187491
3.181086
3.173399
3.170837
3.166994
3.174680
3.177242
3.175961
3.174680
3.170837
3.161869
3.159307
3.143934
3.140090
3.142653
3.146496
3.159307
3.187491
3.190053
3.200302
3.209270
3.247703
3.337380
3.439868
3.587194
3.707618
3.830603
3.935653
4.049384
4.108315
4.145466
4.173651
4.156996
4.132655
4.096785
4.040416
3.973799
3.923836
3.882841
3.849532
3.822629
3.816224
3.798288
3.773947
3.754731
3.735514
3.703487
3.685552
3.670178
3.665054
3.638151
3.634308
3.625340
3.609967
3.599718
3.593313
3.580501
3.558723
3.553598
3.542068
3.536944
3.538225
3.533101
3.524133
3.521571
3.510041
3.507479
3.494668
3.480576
3.472889
3.467765
3.460078
3.465203
3.458797
3.451110
3.442143
3.450117
3.444992
3.430900
3.423213
3.416808
3.407840
3.398873
3.415527
3.400154
3.398873
3.388624
3.382218
3.380937
3.369407
3.356596
3.354034
3.350191
3.355315
3.345066
3.345066
3.343785
3.345066
3.351472
3.342504
3.348910
3.351472
3.355315
3.356596
3.347629
3.351472
3.347629
3.348910
3.389905
3.433462
3.478301
3.523139
3.548761
3.593600
3.629471
3.662779
3.702493
3.753737
3.793451
3.804981
3.819073
3.793451
3.783202
3.762705
3.733240
3.714023
3.688401
3.656374
3.629471
3.615378
3.601286
3.612816
3.615378
3.608973
3.610254
3.615378
3.611535
3.600005
3.593600
3.588475
3.570540
3.541075
3.528264
3.518015
3.503923
3.511609
3.497517
3.485987
3.483425
3.477020
3.460365
3.447554
3.451398
3.441149
3.428338
3.428338
3.416808
3.414246
3.412965
3.405278
3.398873
3.379656
3.374532
3.366845
3.356596
3.348910
3.352753
3.348910
3.348910
3.342504
3.336099
3.330974
3.328412
3.323288
3.305352
3.297666
3.309196
3.291260
3.289979
3.289979
3.291260
3.287417
3.288698
3.284855
3.273325
3.265638
3.257952
3.256670
3.265638
3.263076
3.248984
3.248984
3.251546
3.248984
3.233611
3.243860
3.256670
3.242579
3.246422
3.247703
3.245141
3.252827
3.256670
3.268200
3.263076
3.272044
3.277168
3.284855
3.305352
3.320725
3.343785
3.366845
3.389905
3.396310
3.420651
3.436024
3.434743
3.432181
3.442430
3.423213
3.400154
3.356596
3.343785
3.325850
3.310477
3.265638
3.278449
3.277168
3.245141
3.260514
3.248984
3.241297
3.241297
3.236173
3.236173
3.214394
3.206708
3.207989
3.215675
3.224643
3.220800
3.210551
3.228486
3.232330
3.214394
3.225924
3.215675
3.215675
3.209270
3.207989
3.205426
3.202864
3.205426
3.209270
3.200302
3.196459
3.178524
3.175961
3.174680
3.172118
3.175961
3.184929
3.187491
3.191334
3.206708
3.199021
3.187491
3.188772
3.186210
3.172118
3.164431
3.163150
3.166994
3.161869
3.152901
3.150339
3.149058
3.143934
3.127280
3.118312
3.114469
3.117031
3.101657
3.105501
3.105501
3.100376
3.100376
3.092690
3.091409
3.077317
3.070911
3.067068
3.061943
3.060662
3.059381
3.064506
3.061943
3.081160
3.078598
3.078598
3.067068
3.127280
3.101657
3.117031
3.136247
3.154183
3.137528
3.140090
3.164431
3.183648
3.178524
3.186210
3.188772
3.202864
3.199021
3.197740
3.204145
3.206708
3.200302
3.200302
3.190053
3.182367
3.174680
3.165712
3.146496
3.141371
3.132404
3.120874
3.122155
3.118312
3.113187
3.104220
3.104220
3.093971
3.085003
3.072192
3.076035
3.064506
3.063225
3.067068
3.055538
3.063225
3.064506
3.065787
3.069630
3.068349
3.069630
3.070911
3.054257
3.042727
3.038884
3.040165
3.033759
3.029916
3.026073
3.029916
3.026073
3.019667
3.010700
3.005575
3.010700
3.020948
3.013262
3.023510
3.022229
3.027354
3.027354
3.037602
3.036321
3.037602
3.029916
3.026073
3.018386
3.008137
2.994045
2.985077
2.985077
2.987640
2.979953
2.985077
2.982515
2.978672
2.974829
2.976110
2.964580
2.968423
2.958174
2.959455
2.959455
2.958174
2.945363
2.974908
2.967222
2.962097
2.956973
2.948005
2.948005
2.948005
2.948005
2.937757
2.941600
2.931351
2.932632
2.931351
2.922383
2.922383
2.913416
2.915978
2.913416
2.908291
2.903167
2.907010
2.890356
2.887794
2.881388
2.882669
2.869858
2.866015
2.871139
2.873702
2.868577
2.862172
2.869858
2.873702
2.877545
2.876264
2.886513
2.877545
2.892918
2.907010
2.918540
2.935194
2.963379
2.963379
2.981314
2.976190
2.985157
2.980033
2.983876
2.974908
2.959535
2.973627
2.940319
2.931351
2.936476
2.933913
2.932632
2.932632
2.932632
2.932632
2.918540
2.914697
2.908291
2.914697
2.922383
2.923665
2.940319
2.939038
2.945443
2.940319
2.930070
2.921102
2.919821
2.913416
2.908291
2.886513
2.882669
2.874983
2.869858
2.868577
2.871139
2.873702
2.867296
2.866015
2.864734
2.862172
2.859609
2.853204
2.841674
2.841674
2.840393
2.828863
2.830144
2.825020
2.823739
2.826301
2.817333
2.814771
2.813490
2.798117
2.798117
2.805803
2.801960
2.792992
2.800679
2.790430
2.781462
2.786587
2.785306
2.778900
2.766089
2.766089
2.762246
2.769933
2.758403
2.767370
2.763527
2.758403
2.755840
2.759684
2.755840
2.741748
2.741748
2.741748
2.739186
2.749435
2.750716
2.751997
2.773776
2.768651
2.771214
2.771214
2.754559
2.760965
2.772495
2.771214
2.776338
2.778900
2.791711
2.816052
2.841674
2.887794
2.924946
2.949286
2.942881
2.968503
2.968503
2.969784
2.974908
2.969784
2.954411
2.923665
2.898042
2.907010
2.899323
2.891637
2.907010
2.889075
2.883950
2.880107
2.862172
2.866015
2.862172
2.849361
2.849361
2.844236
2.839112
2.840393
2.837831
2.837831
2.827582
2.828863
2.818614
2.826301
2.810928
2.817333
2.814771
2.812209
2.807084
2.810928
2.800679
2.785306
2.781462
2.785306
2.772495
2.766089
2.767370
2.771214
2.771214
2.771214
2.768651
2.768651
2.755840
2.755840
2.750716
2.746873
2.750716
2.748154
2.743029
2.741748
2.739186
2.736624
2.723813
2.719970
2.718688
2.719970
2.719970
2.725094
2.723813
2.716126
2.714845
2.714845
2.712283
2.708440
2.694348
2.695629
2.690504
2.687942
2.691785
2.693067
2.686661
2.682818
2.686661
2.681537
2.678974
2.686661
2.696910
2.704597
2.709721
2.708440
2.705878
2.709721
2.713564
2.705878
2.703315
2.705878
2.698191
2.703315
2.705878
2.723813
2.745592
2.768651
2.785306
2.796836
2.803241
2.810928
2.833987
2.828863
2.853204
2.876264
2.892918
2.900605
2.905729
2.903167
2.892918
2.878826
2.869858
2.867296
2.839112
2.841674
2.825020
2.825020
2.821177
2.835268
2.825020
2.819896
2.817333
2.813490
2.804522
2.786587
2.792992
2.781462
2.773776
2.773776
2.777619
2.784025
2.772495
2.767370
2.766089
2.762246
2.740467
2.739186
2.740467
2.730218
2.725094
2.736624
2.728937
2.726375
2.725094
2.718688
2.708440
2.686661
2.693067
2.698191
2.685380
2.696910
2.689223
2.682818
2.680255
2.677693
2.677693
2.684099
2.671288
2.672569
2.672569
2.668726
2.666163
2.672569
2.670007
2.670007
2.663601
2.662320
2.661039
2.654634
2.659758
2.655915
2.641823
2.637979
2.644385
2.635417
2.634136
2.634136
2.632855
2.631574
2.632855
2.635417
2.637979
2.629012
2.630293
2.622606
2.626449
2.629012
2.634136
2.650790
2.652071
2.666163
2.677693
2.685380
2.687942
2.693067
2.698191
2.718688
2.760965
2.821177
2.873702
2.933913
2.986438
3.027434
3.070991
3.104300
3.122235
3.118392
3.103019
3.106862
3.078677
3.068429
3.047931
3.021028
2.991563
2.994125
2.963379
2.948005
2.950567
2.935194
2.927508
2.919821
2.899323
2.898042
2.878826
2.898042
2.878826
2.872421
2.872421
2.864734
2.864734
2.864734
2.859609
2.854485
2.837831
2.831425
2.828863
2.818614
2.816052
2.812209
2.817333
2.814771
2.807084
2.795554
2.794273
2.805803
2.808366
2.801960
2.809647
2.816052
2.817333
2.821177
2.833987
2.839112
2.845517
2.859609
2.872421
2.885231
2.901886
2.913416
2.903167
2.898042
2.901886
2.887794
2.881388
2.873702
2.866015
2.851923
2.839112
2.835268
2.826301
2.819896
2.803241
2.792992
2.792992
2.781462
2.776338
2.769933
2.773776
2.768651
2.769933
2.759684
2.758403
2.757122
2.744311
2.746873
2.746873
2.741748
2.730218
2.739186
2.735343
2.736624
2.739186
2.741748
2.735343
2.735343
2.718688
2.723813
2.713564
2.711002
2.716126
2.707159
2.709721
2.716126
2.719970
2.721251
2.718688
2.708440
2.696910
2.698191
2.705878
2.721251
2.725094
2.743029
2.755840
2.764808
2.762246
2.759684
2.737905
2.730218
2.728937
2.732781
2.744311
2.748154
2.755840
2.760965
2.764808
2.764808
2.786587
2.809647
2.840393
2.887794
2.926227
2.954411
2.972346
2.974908
2.981314
2.976190
2.978752
2.965941
2.949286
2.933913
2.910853
2.890356
2.873702
2.857047
2.851923
2.850642
2.840393
2.826301
2.821177
2.816052
2.798117
2.792992
2.798117
2.792992
2.782743
2.785306
2.778900
2.775057
2.767370
2.763527
2.749435
2.754559
2.740467
2.740467
2.736624
2.737905
2.740467
2.735343
2.731499
2.726375
2.726375
2.723813
2.711002
2.718688
2.719970
2.726375
2.723813
2.732781
2.734062
2.735343
2.730218
2.722532
2.709721
2.708440
2.698191
2.695629
2.702034
2.696910
2.694348
2.694348
2.695629
2.691785
2.676412
2.664882
2.663601
2.668726
2.668726
2.676412
2.662320
2.663601
2.664882
2.655915
2.653352
2.652071
2.645666
2.650790
2.646947
2.640542
2.644385
2.644385
2.648228
2.648228
2.632855
2.630293
2.630293
2.625168
2.623887
2.623887
2.626449
2.621325
2.625168
2.622606
2.620044
2.616200
2.617482
2.605952
2.600827
2.600827
2.598265
2.595703
2.598265
2.594422
2.598265
2.598265
2.595703
2.591860
2.576486
2.575205
2.567519
2.567519
2.567519
2.571362
2.570081
2.571362
2.572643
2.568800
2.561113
2.558551
2.558551
2.555989
2.548302
2.540616
2.545740
2.536772
2.540616
2.541897
2.548302
2.544459
2.544459
2.538054
2.535491
2.522680
2.523961
2.540616
2.538054
2.547021
2.545740
2.543178
2.540616
2.544459
2.547021
2.535491
2.539335
2.539335
2.538054
2.534210
2.534210
2.541897
2.540616
2.538054
2.539335
2.531648
2.530367
2.514994
2.513713
2.511150
2.526524
2.530367
2.521399
2.534210
2.527805
2.522680
2.526524
2.526524
2.522680
2.513713
2.506026
2.497058
2.498339
2.498339
2.497058
2.500901
2.506026
2.509869
2.508588
2.508588
2.507307
2.513713
2.494496
2.495777
2.494496
2.491934
2.497058
2.490653
2.490653
2.491934
2.493215
2.486809
2.480404
2.475280
2.479123
2.463750
2.463750
2.462469
2.462469
2.466312
2.473999
2.477842
2.479123
2.471436
2.457344
2.465031
2.468874
2.450939
2.491494
2.483808
2.479964
2.491494
2.481246
2.477402
2.479964
2.477402
2.477402
2.491494
2.477402
2.492775
2.505586
2.528646
2.572204
2.629853
2.704157
2.781023
2.839953
2.889916
2.930912
2.953971
2.951849
2.955692
2.948005
2.931351
2.915978
2.898042
2.877545
2.855766
2.841674
2.842955
2.833987
2.833987
2.844236
2.859609
2.855766
2.867296
2.857047
2.853204
2.878826
2.922383
2.973627
3.014622
3.037682
3.068429
3.074834
3.076115
3.072272
3.064585
3.069710
3.045369
3.026152
3.004374
2.987720
2.968503
2.951849
2.927508
2.912135
2.896761
2.885231
2.872421
2.867296
2.859609
2.858328
2.850642
2.842955
2.837831
2.819896
2.812209
2.810928
2.799398
2.794273
2.786587
2.794273
2.790430
2.777619
2.771214
2.772495
2.778900
2.763527
2.744311
2.744311
2.745592
2.737905
2.744311
2.739186
2.737905
2.743029
2.745592
2.749435
2.745592
2.744311
2.743029
2.750716
2.768651
2.776338
2.790430
2.800679
2.830144
2.874983
2.974908
3.152981
3.336179
3.515532
3.702493
3.837009
3.971524
4.086536
4.169807
4.200553
4.168526
4.130093
4.060914
3.969956
3.890527
3.849532
3.825191
3.789321
3.803413
3.798288
3.785477
3.775229
3.757293
3.732952
3.706049
3.677865
3.657367
3.636870
3.607404
3.580501
3.554879
3.533101
3.497230
3.489543
3.476732
3.457516
3.447267
3.437018
3.441149
3.428338
3.421932
3.403997
3.395029
3.366845
3.350191
3.338661
3.325850
3.315601
3.330974
3.318163
3.311758
3.305352
3.293823
3.287417
3.268200
3.256670
3.250265
3.243860
3.233611
3.232330
3.232330
3.232330
3.227205
3.216956
3.207989
3.202864
3.193897
3.175961
3.168275
3.163150
3.154183
3.152901
3.154183
3.151620
3.145215
3.146496
3.127280
3.120874
3.114469
3.111906
3.102939
3.132404
3.138809
3.165712
3.186210
3.206708
3.195178
3.196459
3.207989
3.201583
3.182367
3.182367
3.179805
3.168275
3.178524
3.159307
3.138809
3.146496
3.161869
3.209270
3.254108
3.339942
3.434743
3.515453
3.579508
3.634595
3.651249
3.603848
3.617941
3.596162
3.578227
3.555167
3.535950
3.510328
3.492393
3.465490
3.432181
3.415527
3.402716
3.380937
3.373251
3.360440
3.347629
3.329693
3.328412
3.301509
3.287417
3.278449
3.269481
3.259233
3.265638
3.251546
3.238735
3.236173
3.234892
3.225924
3.205426
3.205426
3.199021
3.201583
3.201583
3.191334
3.188772
3.181086
3.173399
3.169556
3.168275
3.152901
3.143934
3.143934
3.138809
3.141371
3.133685
3.134966
3.141371
3.129842
3.109344
3.106782
3.109344
3.097814
3.092690
3.106782
3.096533
3.093971
3.087565
3.082441
3.077317
3.058100
3.058100
3.067068
3.058100
3.068349
3.078598
3.085003
3.079879
3.095252
3.090128
3.070911
3.077317
3.076035
3.090128
3.099095
3.113187
3.129842
3.142653
3.154183
3.172118
3.218238
3.293823
3.360440
3.442430
3.480863
3.537231
3.565416
3.579508
3.592319
3.579508
3.553886
3.529545
3.497517
3.535950
3.519296
3.494955
3.491112
3.492393
3.479582
3.457803
3.433462
3.409122
3.388624
3.370688
3.356596
3.345066
3.328412
3.311758
3.301509
3.292541
3.279730
3.255389
3.243860
3.237454
3.228486
3.222081
3.223362
3.220800
3.219519
3.214394
3.205426
3.183648
3.181086
3.173399
3.168275
3.168275
3.161869
3.160588
3.160588
3.151620
3.154183
3.149058
3.134966
3.127280
3.124717
3.128561
3.113187
3.117031
3.109344
3.108063
3.097814
3.095252
3.097814
3.087565
3.076035
3.079879
3.072192
3.068349
3.073473
3.073473
3.070911
3.068349
3.074754
3.074754
3.074754
3.065787
3.067068
3.065787
3.063225
3.060662
3.070911
3.069630
3.061943
3.054257
3.044008
3.044008
3.032478
3.038884
3.033759
3.035040
3.054257
3.065787
3.088846
3.093971
3.104220
3.105501
3.100376
3.090128
3.074754
3.074754
3.063225
3.060662
3.078598
3.069630
3.068349
3.068349
3.061943
3.070911
3.068349
3.063225
3.050414
3.045289
3.040165
3.031197
3.033759
3.026073
3.024791
3.024791
3.019667
3.014543
2.994045
2.990202
2.990202
2.986358
2.978672
2.976110
2.958174
2.964580
2.963299
2.949207
2.945363
2.967222
2.963379
2.962097
2.959535
2.958254
2.956973
2.948005
2.945443
2.935194
2.935194
2.931351
2.939038
2.930070
2.932632
2.935194
2.927508
2.919821
2.915978
2.913416
2.898042
2.901886
2.891637
2.892918
2.892918
2.887794
2.889075
2.882669
2.878826
2.873702
2.869858
2.876264
2.881388
2.885231
2.903167
2.905729
2.908291
2.908291
2.905729
2.905729
2.896761
2.904448
2.918540
2.936476
2.983876
3.010779
3.040245
3.060742
3.082521
3.103019
3.082521
3.087645
3.082521
3.081240
3.069710
3.065866
3.042807
3.038963
3.033839
3.017185
3.017185
3.013341
3.018466
3.031277
3.060742
3.068429
3.079959
3.087645
3.104300
3.091489
3.091489
3.103019
3.079959
3.073553
3.059461
3.051775
3.047931
3.050493
3.028715
3.027434
3.008217
3.001812
2.995406
3.005655
2.991563
3.001812
3.003093
3.006936
3.021028
3.026152
3.042807
3.064585
3.065866
3.065866
3.077396
3.069710
3.070991
3.067148
3.060742
3.053056
3.044088
3.026152
3.018466
2.999249
2.991563
2.999249
2.999249
3.000530
3.006936
3.014622
3.003093
3.017185
3.014622
3.000530
2.989001
2.989001
2.983876
2.973627
2.972346
2.965941
2.950567
2.949286
2.939038
2.933913
2.927508
2.927508
2.924946
2.923665
2.926227
2.931351
2.931351
2.933913
2.926227
2.924946
2.922383
2.926227
2.913416
2.909572
2.913416
2.903167
2.900605
2.894199
2.889075
2.881388
2.874983
2.863453
2.857047
2.851923
2.853204
2.854485
2.846798
2.842955
2.842955
2.837831
2.823739
2.817333
2.814771
2.812209
2.809647
2.816052
2.814771
2.813490
2.810928
2.816052
2.808366
2.792992
2.792992
2.790430
2.787868
2.790430
2.792992
2.791711
2.785306
2.785306
2.782743
2.778900
2.771214
2.767370
2.768651
2.766089
2.769933
2.769933
2.766089
2.760965
2.769933
2.764808
2.754559
2.753278
2.750716
2.746873
2.746873
2.744311
2.746873
2.740467
2.739186
2.744311
2.734062
2.735343
2.732781
2.739186
2.749435
2.758403
2.766089
2.773776
2.772495
2.760965
2.766089
2.760965
2.759684
2.753278
2.759684
2.757122
2.748154
2.746873
2.743029
2.731499
2.722532
2.722532
2.730218
2.755840
2.746873
2.767370
2.757122
2.757122
2.754559
2.755840
2.755840
2.754559
2.740467
2.740467
2.735343
2.734062
2.730218
2.740467
2.741748
2.744311
2.749435
2.751997
2.749435
2.749435
2.745592
2.757122
2.763527
2.772495
2.800679
2.812209
2.826301
2.844236
2.867296
2.898042
2.921102
2.960816
2.987720
3.015904
3.031277
3.028715
3.024871
3.000530
3.035120
3.005655
3.019747
2.948005
2.939038
2.924946
2.918540
2.936476
2.933913
2.922383
2.907010
2.901886
2.892918
2.878826
2.886513
2.883950
2.877545
2.876264
2.876264
2.860891
2.857047
2.850642
2.831425
2.850642
2.841674
2.839112
2.839112
2.831425
2.816052
2.821177
2.817333
2.807084
2.818614
2.801960
2.798117
2.790430
2.790430
2.775057
2.771214
2.768651
2.763527
2.775057
2.764808
2.764808
2.757122
2.757122
2.749435
2.741748
2.735343
2.734062
2.732781
2.727656
2.730218
2.728937
2.727656
2.726375
2.723813
2.713564
2.713564
2.711002
2.702034
2.699472
2.694348
2.699472
2.699472
2.700753
2.698191
2.696910
2.687942
2.676412
2.672569
2.672569
2.670007
2.675131
2.682818
2.689223
2.690504
2.693067
2.686661
2.681537
2.687942
2.696910
2.694348
2.685380
2.685380
2.680255
2.677693
2.675131
2.671288
2.666163
2.653352
2.648228
2.643104
2.652071
2.646947
2.643104
2.645666
2.641823
2.637979
2.637979
2.623887
2.630293
2.634136
2.626449
2.630293
2.640542
2.641823
2.644385
2.643104
2.640542
2.634136
2.620044
2.616200
2.620044
2.608514
2.616200
2.613638
2.608514
2.607233
2.605952
2.605952
2.599546
2.585454
2.579049
2.576486
2.575205
2.573924
2.577768
2.577768
2.576486
2.576486
2.575205
2.572643
2.558551
2.552145
2.555989
2.547021
2.547021
2.553427
2.552145
2.552145
2.553427
2.552145
2.559832
2.561113
2.547021
2.552145
2.557270
2.559832
2.557270
2.570081
2.573924
2.564957
2.573924
2.599546
2.634136
2.648228
2.659758
2.673850
2.686661
2.773776
2.898042
2.898042
2.892918
2.899323
2.901886
2.908291
2.913416
2.913416
2.903167
2.903167
2.905729
2.914697
2.922383
2.950567
2.948005
2.950567
2.950567
2.951849
2.951849
2.953130
2.942881
2.919821
2.914697
2.903167
2.904448
2.899323
2.885231
2.882669
2.877545
2.876264
2.869858
2.860891
2.853204
2.848080
2.833987
2.835268
2.842955
2.848080
2.858328
2.867296
2.873702
2.868577
2.864734
2.827582
2.818614
2.800679
2.791711
2.785306
2.781462
2.780181
2.805803
2.805803
2.800679
2.794273
2.789149
2.772495
2.766089
2.755840
2.753278
2.749435
2.746873
2.754559
2.763527
2.744311
2.776338
2.771214
2.778900
2.780181
2.803241
2.826301
2.844236
2.857047
2.887794
2.899323
2.883950
2.889075
2.944162
2.935194
2.926227
2.907010
2.892918
2.845517
2.877545
2.859609
2.866015
2.855766
2.848080
2.841674
2.833987
2.822458
2.808366
2.801960
2.804522
2.795554
2.785306
2.787868
2.787868
2.782743
2.782743
2.775057
2.776338
2.758403
2.753278
2.751997
2.757122
2.749435
2.749435
2.746873
2.743029
2.744311
2.741748
2.743029
2.728937
2.734062
2.726375
2.718688
2.713564
2.726375
2.725094
2.719970
2.723813
2.713564
2.699472
2.698191
2.694348
2.696910
2.686661
2.681537
2.686661
2.690504
2.684099
2.684099
2.686661
2.684099
2.667444
2.673850
2.677693
2.666163
2.663601
2.670007
2.670007
2.672569
2.673850
2.672569
2.657196
2.654634
2.654634
2.650790
2.653352
2.645666
2.649509
2.649509
2.646947
2.645666
2.631574
2.629012
2.623887
2.622606
2.631574
2.627730
2.626449
2.625168
2.626449
2.625168
2.625168
2.616200
2.613638
2.611076
2.623887
2.614919
2.614919
2.612357
2.616200
2.604671
2.605952
2.598265
2.557270
2.584173
2.604671
2.602108
2.614919
2.637979
2.648228
2.666163
2.684099
2.700753
2.714845
2.718688
2.691785
2.690504
2.698191
2.695629
2.722532
2.716126
2.705878
2.682818
2.676412
2.666163
2.678974
2.650790
2.670007
2.667444
2.659758
2.654634
2.646947
2.641823
2.640542
2.627730
2.632855
2.625168
2.627730
2.627730
2.627730
2.625168
2.620044
2.613638
2.616200
2.609795
2.607233
2.596984
2.591860
2.589298
2.586735
2.591860
2.593141
2.598265
2.590579
2.588016
2.589298
2.580330
2.580330
2.576486
2.570081
2.566238
2.566238
2.582892
2.600827
2.627730
2.655915
2.676412
2.691785
2.694348
2.699472
2.703315
2.704597
2.695629
2.686661
2.685380
2.673850
2.671288
2.668726
2.652071
2.645666
2.625168
2.618763
2.612357
2.607233
2.602108
2.609795
2.600827
2.594422
2.595703
2.593141
2.585454
2.580330
2.575205
2.572643
2.568800
2.570081
2.581611
2.602108
2.598265
2.603390
2.599546
2.596984
2.595703
2.588016
2.576486
2.570081
2.564957
2.562394
2.558551
2.562394
2.552145
2.550864
2.548302
2.544459
2.529086
2.530367
2.521399
2.521399
2.520118
2.512431
2.513713
2.506026
2.513713
2.518837
2.523961
2.520118
2.531648
2.543178
2.545740
2.550864
2.541897
2.554708
2.554708
2.552145
2.548302
2.548302
2.541897
2.534210
2.531648
2.529086
2.525243
2.523961
2.526524
2.531648
2.530367
2.523961
2.523961
2.527805
2.516275
2.509869
2.508588
2.504745
2.498339
2.497058
2.498339
2.499620
2.497058
2.499620
2.498339
2.491934
2.490653
2.456063
2.435565
2.465872
2.454343
2.490213
2.481246
2.486370
2.485089
2.487651
2.479964
2.476121
2.478683
2.472278
2.458186
2.467154
2.460748
2.459467
2.455624
2.449218
2.455624
2.454343
2.454343
2.450499
2.450499
2.441531
2.437688
2.431283
2.441531
2.438969
2.436407
2.440250
2.442813
2.441531
2.444094
2.444094
2.437688
2.441531
2.438969
2.432564
2.437688
2.437688
2.428720
2.427439
2.432564
2.431283
2.435126
2.446656
2.458186
2.464591
2.464591
2.463310
2.474840
2.469716
2.473559
2.468435
2.470997
2.497900
2.541457
2.618323
2.686222
2.774617
2.851483
2.912976
2.965501
2.995406
3.017185
3.029996
3.018466
3.001812
2.974908
2.946724
2.910853
2.886513
2.858328
2.791711
2.813490
2.812209
2.814771
2.828863
2.846798
2.855766
2.871139
2.885231
2.866015
2.905729
2.905729
2.894199
2.873702
2.831425
2.801960
2.786587
2.795554
2.778900
2.768651
2.755840
2.759684
2.749435
2.714845
2.719970
2.745592
2.748154
2.735343
2.732781
2.728937
2.721251
2.717407
2.716126
2.711002
2.700753
2.696910
2.682818
2.676412
2.668726
2.663601
2.662320
2.670007
2.663601
2.659758
2.655915
2.653352
2.648228
2.632855
2.626449
2.622606
2.627730
2.623887
2.623887
2.618763
2.618763
2.609795
2.603390
2.595703
2.599546
2.591860
2.591860
2.593141
2.595703
2.596984
2.590579
2.586735
2.571362
2.572643
2.567519
2.567519
2.582892
2.575205
2.570081
2.577768
2.570081
2.566238
2.550864
2.552145
2.548302
2.548302
2.577768
2.590579
2.620044
2.653352
2.687942
2.713564
2.722532
2.732781
2.741748
2.739186
2.750716
2.732781
2.722532
2.709721
2.693067
2.667444
2.658477
2.652071
2.640542
2.632855
2.629012
2.626449
2.621325
2.580330
2.620044
2.609795
2.595703
2.593141
2.595703
2.607233
2.612357
2.626449
2.653352
2.641823
2.680255
2.690504
2.707159
2.713564
2.708440
2.681537
2.703315
2.695629
2.686661
2.677693
2.657196
2.646947
2.637979
2.631574
2.620044
2.621325
2.622606
2.611076
2.607233
2.603390
2.590579
2.588016
2.584173
2.588016
2.585454
2.593141
2.591860
2.593141
2.588016
2.573924
2.568800
2.570081
2.562394
2.566238
2.563675
2.563675
2.561113
2.549583
2.548302
2.540616
2.545740
2.534210
2.547021
2.539335
2.540616
2.530367
2.530367
2.516275
2.514994
2.513713
2.516275
2.509869
2.514994
2.509869
2.509869
2.507307
2.507307
2.507307
2.494496
2.507307
2.507307
2.504745
2.504745
2.513713
2.514994
2.511150
2.513713
2.507307
2.508588
2.491934
2.489372
2.484247
2.482966
2.481685
2.486809
2.485528
2.481685
2.476561
2.470155
2.475280
2.476561
2.462469
2.467593
2.462469
2.458625
2.462469
2.462469
2.463750
2.457344
2.453501
2.458625
2.457344
2.441971
2.469716
2.474840
2.472278
2.465872
2.470997
2.472278
2.470997
2.465872
2.469716
2.463310
2.460748
2.460748
2.459467
2.474840
2.470997
2.487651
2.491494
2.501743
2.511992
2.538895
2.561955
2.573485
2.544019
2.544019
2.549144
2.552987
2.560674
2.565798
2.568360
2.559393
2.554268
2.550425
2.544019
2.537614
2.524803
2.518398
2.515835
2.508149
2.504305
2.499181
2.501743
2.500462
2.492775
2.491494
2.492775
2.490213
2.479964
2.483808
2.473559
2.470997
2.474840
2.468435
2.472278
2.472278
2.470997
2.465872
2.464591
2.460748
2.453061
2.454343
2.467154
2.501743
2.535052
2.576047
2.623448
2.652913
2.673411
2.690065
2.700314
2.713125
2.713125
2.710562
2.705438
2.691346
2.695189
2.684940
2.669567
2.659318
2.649070
2.640102
2.631134
2.615761
2.610637
2.599107
2.590139
2.588858
2.590139
2.583734
2.582453
2.576047
2.576047
2.572204
2.558112
2.558112
2.552987
2.546582
2.545300
2.550425
2.545300
2.542738
2.541457
2.540176
2.536333
2.527365
2.523522
2.529927
2.526084
2.520960
2.524803
2.519679
2.518398
2.523522
2.517116
2.511992
2.511992
2.505586
2.501743
2.499181
2.510711
2.504305
2.501743
2.503024
2.503024
2.501743
2.503024
2.491494
2.492775
2.500462
2.495338
2.524803
2.522241
2.505586
2.501743
2.500462
2.506868
2.505586
2.518398
2.528646
2.529927
2.541457
2.541457
2.550425
2.528646
2.550425
2.569642
2.558112
2.546582
2.542738
2.527365
2.523522
2.500462
2.499181
2.495338
2.491494
2.494057
2.494057
2.505586
2.511992
2.513273
2.509430
2.509430
2.506868
2.496619
2.492775
2.490213
2.485089
2.479964
2.476121
2.483808
2.479964
2.481246
2.478683
2.474840
2.474840
2.460748
2.465872
2.459467
2.459467
2.463310
2.453061
2.458186
2.453061
2.456905
2.453061
2.458186
2.456905
2.454343
2.450499
2.440250
2.440250
2.440250
2.437688
2.440250
2.441531
2.438969
2.441531
2.440250
2.436407
2.426158
2.431283
2.421034
2.419753
2.430002
2.427439
2.422315
2.419753
2.421034
2.412066
2.403099
2.410785
2.404380
2.401817
2.406942
2.408223
2.405661
2.401817
2.399255
2.395412
2.385163
2.385163
2.382601
2.382601
2.380039
2.394131
2.387725
2.385163
2.383882
2.378758
2.368509
2.372352
2.374914
2.368509
2.364666
2.377476
2.371071
2.365947
2.365947
2.369790
2.368509
2.360822
2.358260
2.353136
2.356979
2.354417
2.355698
2.356979
2.355698
2.356979
2.355698
2.349292
2.340325
2.341606
2.337762
2.337762
2.341606
2.346730
2.342887
2.342887
2.339044
2.337762
2.333919
2.323670
2.323670
2.324951
2.318546
2.318546
2.317265
2.322389
2.328795
2.333919
2.341606
2.340325
2.332638
2.331357
2.328795
2.330076
2.328795
2.335200
2.332638
2.330076
2.328795
2.330076
2.326232
2.324951
2.313421
2.322389
2.319827
2.318546
2.321108
2.318546
2.322389
2.321108
2.321108
2.305735
2.309578
2.309578
2.301892
2.296767
2.307016
2.308297
2.309578
2.317265
2.307016
2.323670
2.318546
2.328795
2.336481
2.364666
2.365947
2.372352
2.377476
2.385163
2.340325
2.346730
2.350574
2.385163
2.390288
2.403099
2.399255
2.390288
2.374914
2.362103
2.374914
2.372352
2.437688
2.363384
2.369790
2.363384
2.367228
2.374914
2.373633
2.380039
2.389006
2.410785
2.428720
2.445375
2.468435
2.478683
2.491494
2.500462
2.509430
2.500462
2.497900
2.495338
2.486370
2.481246
2.469716
2.464591
2.449218
2.447937
2.430002
2.426158
2.410785
2.409504
2.404380
2.404380
2.403099
2.405661
2.400536
2.395412
2.399255
2.415910
2.415910
2.424877
2.428720
2.428720
2.421034
2.417191
2.417191
2.412066
2.409504
2.403099
2.397974
2.391569
2.383882
2.387725
2.383882
2.380039
2.372352
2.368509
2.364666
2.354417
2.351855
2.353136
2.340325
2.340325
2.345449
2.342887
2.341606
2.339044
2.340325
2.337762
2.319827
2.327514
2.298048
2.303173
2.291643
2.298048
2.295486
2.295486
2.292924
2.291643
2.292924
2.290362
2.281394
2.274989
2.272426
2.272426
2.272426
2.274989
2.272426
2.276270
2.278832
2.277551
2.267302
2.267302
2.267302
2.267302
2.272426
2.267302
2.264740
2.266021
2.262177
2.266021
2.264740
2.258334
2.255772
2.248085
2.245523
2.241680
2.241680
2.240399
2.242961
2.242961
2.241680
2.241680
2.241680
2.244242
2.241680
2.239118
2.233993
2.228869
2.244242
2.235275
2.237837
2.235275
2.235275
2.232712
2.228869
2.230150
2.239118
2.239118
2.236556
2.244242
2.242961
2.244242
2.242961
2.241680
2.227588
2.235275
2.226307
2.225026
2.221182
2.232712
2.227588
2.223745
2.222463
2.226307
2.221182
2.210934
2.207090
2.209652
2.200685
2.203247
2.205809
2.203247
2.192998
2.186593
2.191717
2.186593
2.177625
2.180187
2.149441
2.145597
2.163533
2.198123
2.208371
2.226307
2.245523
2.269864
2.294205
2.308297
2.328795
2.337762
2.345449
2.349292
2.353136
2.359541
2.346730
2.344168
2.342887
2.333919
2.276270
2.280113
2.269864
2.290362
2.305735
2.312140
2.319827
2.336481
2.345449
2.354417
2.362103
2.354417
2.364666
2.359541
2.355698
2.350574
2.348011
2.342887
2.339044
2.333919
2.327514
2.318546
2.307016
2.299330
2.300611
2.295486
2.289081
2.287800
2.286519
2.298048
2.286519
2.286519
2.286519
2.282675
2.281394
2.278832
2.268583
2.258334
2.259615
2.254491
2.253210
2.250648
2.257053
2.258334
2.249367
2.250648
2.253210
2.248085
2.244242
2.237837
2.235275
2.240399
2.233993
2.240399
2.235275
2.233993
2.233993
2.235275
2.227588
2.222463
2.218620
2.225026
2.214777
2.227588
2.219901
2.219901
2.219901
2.219901
2.221182
2.205809
2.200685
2.203247
2.200685
2.199404
2.207090
2.204528
2.204528
2.201966
2.199404
2.201966
2.198123
2.190436
2.189155
2.186593
2.191717
2.186593
2.189155
2.191717
2.191717
2.180187
2.176344
2.173782
2.177625
2.167376
2.168657
2.177625
2.177625
2.186593
2.190436
2.201966
2.196841
2.198123
2.194279
2.195560
2.195560
2.186593
2.182749
2.181468
2.191717
2.185312
2.172501
2.184031
2.192998
2.194279
2.189155
2.192998
2.194279
2.190436
2.180187
2.176344
2.177625
2.175063
2.177625
2.175063
2.180187
2.184031
2.185312
2.182749
2.182749
2.180187
2.172501
2.176344
2.162252
2.168657
2.162252
2.168657
2.166095
2.167376
2.167376
2.166095
2.160971
2.148160
2.146878
2.143035
2.148160
2.148160
2.149441
2.159690
2.152003
2.153284
2.153284
2.153284
2.158408
2.157127
2.122538
2.130224
2.135349
2.140473
2.136630
2.116132
2.116132
2.111008
2.085386
2.113570
2.143035
2.143035
2.135349
2.141754
2.149441
2.157127
2.171220
2.181468
2.200685
2.213496
2.213496
2.209652
2.213496
2.208371
2.205809
2.201966
2.209652
2.204528
2.207090
2.207090
2.203247
2.196841
2.196841
2.191717
2.192998
2.180187
2.177625
2.176344
2.176344
2.173782
2.169938
2.176344
2.176344
2.169938
2.162252
2.164814
2.166095
2.166095
2.166095
2.178906
2.196841
2.204528
2.209652
2.221182
2.222463
2.217339
2.221182
2.222463
2.217339
2.203247
2.194279
2.192998
2.184031
2.178906
2.176344
2.171220
2.169938
2.175063
2.172501
2.171220
2.169938
2.167376
2.164814
2.157127
2.148160
2.145597
2.141754
2.141754
2.140473
2.152003
2.144316
2.144316
2.139192
2.136630
2.137911
2.136630
2.125100
2.128943
2.118694
2.116132
2.113570
2.122538
2.122538
2.118694
2.117413
2.118694
2.118694
2.116132
2.107165
2.105883
2.108446
2.109727
2.116132
2.114851
2.114851
2.112289
2.111008
2.109727
2.104602
2.096916
2.091791
2.093072
2.086667
2.087948
2.091791
2.087948
2.089229
2.090510
2.096916
2.090510
2.085386
2.073856
2.075137
2.080261
2.073856
2.073856
2.077699
2.082824
2.086667
2.091791
2.096916
2.098197
2.091791
2.090510
2.091791
2.094353
2.090510
2.090510
2.090510
2.089229
2.089229
2.096916
2.103321
2.102040
2.111008
2.118694
2.121257
2.135349
2.137911
2.139192
2.139192
2.137911
2.125100
2.119976
2.109727
2.109727
2.103321
2.108446
2.103321
2.098197
2.096916
2.095635
2.098197
2.091791
2.082824
2.077699
2.081542
2.086667
2.075137
2.085386
2.084105
2.082824
2.082824
2.082824
2.081542
2.080261
2.080261
2.070013
2.066169
2.068732
2.066169
2.063607
2.066169
2.061045
2.061045
2.066169
2.063607
2.063607
2.064888
2.064888
2.064888
2.062326
2.046953
2.040547
2.035423
2.035423
2.026455
2.027736
2.029017
2.037985
2.039266
2.035423
2.034142
2.030298
2.032861
2.034142
2.025174
2.027736
2.023893
2.025174
2.020050
2.022612
2.025174
2.029017
2.030298
2.025174
2.029017
2.027736
2.021331
2.014925
2.011082
2.016207
2.008520
2.008520
2.005958
2.012363
2.009801
2.009801
2.011082
2.013644
2.014925
2.016207
2.008520
2.014925
2.008520
2.012363
2.020050
2.034142
2.039266
2.045672
2.045672
2.046953
2.049515
2.041828
2.034142
2.043109
2.034142
2.030298
2.034142
2.027736
2.029017
2.029017
2.016207
2.018769
2.018769
2.012363
2.003395
2.003395
1.995709
1.994428
1.998271
1.996990
1.990584
1.990584
1.991866
1.998271
1.995709
1.995709
1.998271
1.994428
2.002114
2.008520
2.017488
2.008520
2.012363
2.012363
2.009801
2.007239
2.008520
2.021331
2.022612
2.023893
2.037985
2.044391
2.037985
2.040547
2.034142
2.025174
2.023893
2.017488
2.023893
2.012363
2.009801
2.011082
2.011082
2.007239
2.000833
2.000833
1.993147
1.996990
1.998271
1.999552
2.003395
2.007239
2.009801
2.009801
2.009801
2.009801
2.005958
2.004677
1.996990
1.991866
1.991866
1.990584
2.002114
1.994428
1.998271
1.996990
1.994428
1.990584
1.980336
1.980336
1.980336
1.985460
1.976492
1.984179
1.979055
1.976492
1.977773
1.982898
1.979055
1.973930
1.973930
1.973930
1.972649
1.967525
1.980336
1.977773
1.979055
1.979055
1.968806
1.961119
1.918843
1.978652
1.985058
1.986339
1.997869
2.005555
2.018366
2.031177
2.047832
2.060642
2.064486
2.074735
2.076016
2.081140
2.097795
2.084983
2.100357
2.092670
2.092670
2.088827
2.035021
2.046551
2.065767
2.078578
2.101638
2.113168
2.118292
2.120854
2.124697
2.123416
2.111887
2.108043
2.106762
2.097795
2.091389
2.097795
2.100357
2.097795
2.092670
2.087546
2.086265
2.077297
2.073453
2.070891
2.068329
2.079859
2.070891
2.070891
2.068329
2.063205
2.052956
2.051675
2.050394
2.046551
2.049113
2.046551
2.046551
2.049113
2.043988
2.042707
2.040145
2.038864
2.033740
2.031177
2.028615
2.031177
2.036302
2.035021
2.033740
2.032458
2.020928
2.019647
2.014523
2.015804
2.013242
2.017085
2.018366
2.018366
2.018366
2.022210
2.024772
2.014523
2.013242
2.011961
2.005555
1.987620
2.009398
2.023491
2.024772
2.022210
2.023491
2.015804
2.014523
2.018366
2.014523
2.019647
2.017085
2.017085
2.014523
2.015804
2.015804
2.005555
2.005555
2.001712
2.001712
2.008117
2.008117
2.010680
2.002993
2.002993
2.011961
2.005555
1.999150
1.990182
1.990182
1.995306
1.990182
1.990182
1.997869
2.002993
2.006836
2.018366
2.024772
2.026053
2.026053
2.022210
2.020928
2.018366
2.026053
2.024772
2.020928
2.017085
2.018366
2.010680
2.004274
2.008117
1.999150
2.010680
2.005555
2.001712
2.002993
2.001712
1.994025
1.987620
1.992744
1.982495
1.978652
1.991463
1.983777
1.985058
1.979933
1.983777
1.982495
1.970966
1.972247
1.969684
1.974809
1.976090
1.974809
1.977371
1.972247
1.970966
1.959436
1.959436
1.958155
1.963279
1.955592
1.960717
1.958155
1.958155
1.958155
1.960717
1.955592
1.949187
1.950468
1.947906
1.955592
1.940219
1.944062
1.949187
1.946625
1.968403
1.976090
1.985058
1.999150
2.020928
2.051675
2.078578
2.105481
2.123416
2.136227
2.141352
2.137509
2.132384
2.120854
2.125979
1.994025
1.976090
1.958155
1.895381
1.888975
1.912035
1.941500
1.941500
1.937657
1.951749
1.919722
1.871040
1.823639
1.851823
2.585893
2.172501
2.136630
2.145597
2.190436
